3.446699999999999764e-02
6.951499999999999346e-02
1.051819999999999977e-01
1.415099999999999969e-01
1.785450000000000093e-01
2.163319999999999965e-01
2.549210000000000087e-01
2.943629999999999858e-01
3.347129999999999828e-01
3.760270000000000001e-01
4.183680000000000176e-01
4.617990000000000150e-01
5.063870000000000315e-01
5.522049999999999459e-01
5.993290000000000006e-01
6.478380000000000249e-01
6.978180000000000494e-01
7.493610000000000548e-01
8.025609999999999689e-01
8.575220000000000065e-01
9.143520000000000536e-01
9.731680000000000330e-01
1.034092999999999929e+00
1.097259999999999902e+00
1.162811000000000039e+00
1.230895999999999990e+00
1.301677999999999891e+00
1.375329999999999941e+00
1.452039999999999997e+00
1.532006999999999897e+00
1.615448999999999913e+00
1.702596999999999916e+00
1.793703000000000047e+00
1.889037999999999995e+00
1.988895999999999997e+00
2.093595999999999790e+00
2.203481000000000023e+00
2.318928000000000100e+00
2.440344000000000069e+00
2.568175000000000097e+00
